<?xml version="1.0"?>
<opencv_storage>
<Image_Corners_Coordinates>
  <_><Photo_num>0</Photo_num>
    <coordinates>
      <_>
        2.4441723632812500e+002 9.4130882263183594e+001</_>
      <_>
        2.7440533447265625e+002 9.2207595825195313e+001</_>
      <_>
        3.0547097778320312e+002 9.0324165344238281e+001</_>
      <_>
        3.3828845214843750e+002 8.8823745727539063e+001</_>
      <_>
        3.7170468139648437e+002 8.7886489868164063e+001</_>
      <_>
        4.0646817016601562e+002 8.6728179931640625e+001</_>
      <_>
        4.4163757324218750e+002 8.6257240295410156e+001</_>
      <_>
        4.7764739990234375e+002 8.6236412048339844e+001</_>
      <_>
        5.1382879638671875e+002 8.6524017333984375e+001</_>
      <_>
        2.4489421081542969e+002 1.2619889831542969e+002</_>
      <_>
        2.7474826049804687e+002 1.2486669158935547e+002</_>
      <_>
        3.0606723022460937e+002 1.2400583648681641e+002</_>
      <_>
        3.3861401367187500e+002 1.2309658050537109e+002</_>
      <_>
        3.7220507812500000e+002 1.2225211334228516e+002</_>
      <_>
        4.0662548828125000e+002 1.2216050720214844e+002</_>
      <_>
        4.4212359619140625e+002 1.2206300354003906e+002</_>
      <_>
        4.7799661254882812e+002 1.2223255920410156e+002</_>
      <_>
        5.1425915527343750e+002 1.2278814697265625e+002</_>
      <_>
        2.4536842346191406e+002 1.5827525329589844e+002</_>
      <_>
        2.7529211425781250e+002 1.5807673645019531e+002</_>
      <_>
        3.0652105712890625e+002 1.5764231872558594e+002</_>
      <_>
        3.3890713500976562e+002 1.5741841125488281e+002</_>
      <_>
        3.7239706420898437e+002 1.5740638732910156e+002</_>
      <_>
        4.0679565429687500e+002 1.5750531005859375e+002</_>
      <_>
        4.4207440185546875e+002 1.5788070678710937e+002</_>
      <_>
        4.7787490844726562e+002 1.5831243896484375e+002</_>
      <_>
        5.1389739990234375e+002 1.5937107849121094e+002</_>
      <_>
        2.4635760498046875e+002 1.9038574218750000e+002</_>
      <_>
        2.7583407592773437e+002 1.9052481079101562e+002</_>
      <_>
        3.0714859008789062e+002 1.9105847167968750e+002</_>
      <_>
        3.3927386474609375e+002 1.9155410766601562e+002</_>
      <_>
        3.7253268432617187e+002 1.9204832458496094e+002</_>
      <_>
        4.0674722290039062e+002 1.9252055358886719e+002</_>
      <_>
        4.4175552368164062e+002 1.9362564086914063e+002</_>
      <_>
        4.7743124389648437e+002 1.9435363769531250e+002</_>
      <_>
        5.1312103271484375e+002 1.9561323547363281e+002</_>
      <_>
        2.4736769104003906e+002 2.2228149414062500e+002</_>
      <_>
        2.7689212036132812e+002 2.2342218017578125e+002</_>
      <_>
        3.0755697631835937e+002 2.2427127075195312e+002</_>
      <_>
        3.3951870727539062e+002 2.2539782714843750e+002</_>
      <_>
        3.7265606689453125e+002 2.2634083557128906e+002</_>
      <_>
        4.0660833740234375e+002 2.2762718200683594e+002</_>
      <_>
        4.4126782226562500e+002 2.2862672424316406e+002</_>
      <_>
        4.7669049072265625e+002 2.3001716613769531e+002</_>
      <_>
        5.1184976196289063e+002 2.3159100341796875e+002</_>
      <_>
        2.4885346984863281e+002 2.5359333801269531e+002</_>
      <_>
        2.7763333129882813e+002 2.5510211181640625e+002</_>
      <_>
        3.0848223876953125e+002 2.5652502441406250e+002</_>
      <_>
        3.4002914428710937e+002 2.5826605224609375e+002</_>
      <_>
        3.7269070434570312e+002 2.5991912841796875e+002</_>
      <_>
        4.0619665527343750e+002 2.6169784545898437e+002</_>
      <_>
        4.4050982666015625e+002 2.6325061035156250e+002</_>
      <_>
        4.7529977416992187e+002 2.6462130737304687e+002</_>
      <_>
        5.1037329101562500e+002 2.6621618652343750e+002</_></coordinates></_>
  <_><Photo_num>1</Photo_num>
    <coordinates>
      <_>
        2.5624374389648437e+002 3.5722073364257812e+002</_>
      <_>
        2.5523957824707031e+002 3.3445507812500000e+002</_>
      <_>
        2.5437432861328125e+002 3.0886163330078125e+002</_>
      <_>
        2.5326383972167969e+002 2.8043435668945312e+002</_>
      <_>
        2.5264103698730469e+002 2.4858172607421875e+002</_>
      <_>
        2.5174096679687500e+002 2.1285342407226562e+002</_>
      <_>
        2.5130545043945312e+002 1.7265895080566406e+002</_>
      <_>
        2.5111605834960938e+002 1.2798880767822266e+002</_>
      <_>
        2.5147572326660156e+002 7.8196723937988281e+001</_>
      <_>
        2.9153350830078125e+002 3.6586798095703125e+002</_>
      <_>
        2.9262051391601562e+002 3.4338812255859375e+002</_>
      <_>
        2.9359924316406250e+002 3.1811959838867187e+002</_>
      <_>
        2.9513061523437500e+002 2.8975442504882812e+002</_>
      <_>
        2.9689923095703125e+002 2.5810897827148437e+002</_>
      <_>
        2.9880429077148437e+002 2.2237075805664062e+002</_>
      <_>
        3.0111801147460937e+002 1.8219299316406250e+002</_>
      <_>
        3.0376699829101562e+002 1.3701637268066406e+002</_>
      <_>
        3.0703805541992187e+002 8.6706741333007812e+001</_>
      <_>
        3.2781390380859375e+002 3.7425738525390625e+002</_>
      <_>
        3.3096789550781250e+002 3.5227328491210937e+002</_>
      <_>
        3.3435232543945312e+002 3.2712991333007812e+002</_>
      <_>
        3.3814437866210937e+002 2.9916168212890625e+002</_>
      <_>
        3.4231677246093750e+002 2.6774871826171875e+002</_>
      <_>
        3.4703085327148437e+002 2.3227117919921875e+002</_>
      <_>
        3.5241406250000000e+002 1.9219847106933594e+002</_>
      <_>
        3.5850906372070313e+002 1.4696238708496094e+002</_>
      <_>
        3.6509365844726562e+002 9.6741821289062500e+001</_>
      <_>
        3.6448727416992187e+002 3.8236437988281250e+002</_>
      <_>
        3.6956497192382813e+002 3.6051531982421875e+002</_>
      <_>
        3.7525735473632812e+002 3.3610836791992187e+002</_>
      <_>
        3.8158056640625000e+002 3.0839837646484375e+002</_>
      <_>
        3.8842758178710937e+002 2.7744302368164062e+002</_>
      <_>
        3.9609515380859375e+002 2.4234182739257812e+002</_>
      <_>
        4.0460842895507812e+002 2.0275131225585937e+002</_>
      <_>
        4.1395437622070312e+002 1.5776782226562500e+002</_>
      <_>
        4.2420886230468750e+002 1.0781793975830078e+002</_>
      <_>
        4.0128613281250000e+002 3.8974487304687500e+002</_>
      <_>
        4.0840368652343750e+002 3.6862469482421875e+002</_>
      <_>
        4.1645095825195312e+002 3.4456036376953125e+002</_>
      <_>
        4.2520239257812500e+002 3.1734899902343750e+002</_>
      <_>
        4.3476077270507812e+002 2.8679739379882812e+002</_>
      <_>
        4.4532669067382812e+002 2.5244711303710937e+002</_>
      <_>
        4.5679995727539062e+002 2.1354592895507812e+002</_>
      <_>
        4.6957507324218750e+002 1.6934350585937500e+002</_>
      <_>
        4.8311898803710937e+002 1.2011970520019531e+002</_>
      <_>
        4.3774880981445312e+002 3.9680484008789062e+002</_>
      <_>
        4.4668630981445312e+002 3.7614431762695312e+002</_>
      <_>
        4.5704010009765625e+002 3.5244454956054687e+002</_>
      <_>
        4.6804843139648437e+002 3.2580056762695312e+002</_>
      <_>
        4.8028579711914062e+002 2.9605117797851562e+002</_>
      <_>
        4.9345657348632812e+002 2.6239901733398437e+002</_>
      <_>
        5.0788302612304687e+002 2.2419108581542969e+002</_>
      <_>
        5.2344329833984375e+002 1.8109075927734375e+002</_>
      <_>
        5.4006231689453125e+002 1.3310659790039062e+002</_></coordinates></_>
  <_><Photo_num>2</Photo_num>
    <coordinates>
      <_>
        2.7723211669921875e+002 7.2226013183593750e+001</_>
      <_>
        3.1395904541015625e+002 8.1247901916503906e+001</_>
      <_>
