<?xml version="1.0"?>
<opencv_storage>
<rvecs>
  <_><The_RvecsValue_of_0The_Photo type_id="opencv-matrix">
      <rows>3</rows>
      <cols>1</cols>
      <dt>d</dt>
      <data>
        -1.9842968812704238e+000 -2.0110747787850651e+000
        1.0876210939297858e-001</data></The_RvecsValue_of_0The_Photo></_>
  <_><The_RvecsValue_of_1The_Photo type_id="opencv-matrix">
      <rows>3</rows>
      <cols>1</cols>
      <dt>d</dt>
      <data>
        -2.4236818923245820e+000 -2.0540365230145627e-001
        1.9943463111998799e-001</data></The_RvecsValue_of_1The_Photo></_>
  <_><The_RvecsValue_of_2The_Photo type_id="opencv-matrix">
      <rows>3</rows>
      <cols>1</cols>
      <dt>d</dt>
      <data>
        1.7303460651851694e+000 2.4961555109993245e+000
        -5.0253929513448947e-001</data></The_RvecsValue_of_2The_Photo></_>
  <_><The_RvecsValue_of_3The_Photo type_id="opencv-matrix">
      <rows>3</rows>
      <cols>1</cols>
      <dt>d</dt>
      <data>
        -2.1436170355987052e+000 -2.1391351470076470e+000
        3.7919356032956408e-001</data></The_RvecsValue_of_3The_Photo></_>
  <_><The_RvecsValue_of_4The_Photo type_id="opencv-matrix">
      <rows>3</rows>
      <cols>1</cols>
      <dt>d</dt>
      <data>
        -3.4043168436326848e-001 -2.9467656542375753e+000
        7.1603058161618038e-001</data></The_RvecsValue_of_4The_Photo></_>
  <_><The_RvecsValue_of_5The_Photo type_id="opencv-matrix">
      <rows>3</rows>
      <cols>1</cols>
      <dt>d</dt>
      <data>
        1.4702503601311390e-001 -2.6880406016539462e+000
        -8.7688236013348173e-002</data></The_RvecsValue_of_5The_Photo></_>
  <_><The_RvecsValue_of_6The_Photo type_id="opencv-matrix">
      <rows>3</rows>
      <cols>1</cols>
      <dt>d</dt>
      <data>
        4.4613755254697857e-001 -2.7843329503949401e+000
        1.4499813773551495e-001</data></The_RvecsValue_of_6The_Photo></_>
  <_><The_RvecsValue_of_7The_Photo type_id="opencv-matrix">
      <rows>3</rows>
      <cols>1</cols>
      <dt>d</dt>
      <data>
        3.0377904096145825e-001 -2.8393847830532444e+000
        5.1242492379547122e-001</data></The_RvecsValue_of_7The_Photo></_>
  <_><The_RvecsValue_of_8The_Photo type_id="opencv-matrix">
      <rows>3</rows>
      <cols>1</cols>
      <dt>d</dt>
      <data>
        1.9163066375461619e+000 2.1940775529881513e+000
        6.5589949013344040e-001</data></The_RvecsValue_of_8The_Photo></_>
  <_><The_RvecsValue_of_9The_Photo type_id="opencv-matrix">
      <rows>3</rows>
      <cols>1</cols>
      <dt>d</dt>
      <data>
        2.4107919843883971e-001 2.5307266256123011e+000
        6.7037793001572366e-002</data></The_RvecsValue_of_9The_Photo></_></rvecs>
<tvecs>
  <_><The_TvecsValue_of_0The_Photo type_id="opencv-matrix">
      <rows>3</rows>
      <cols>1</cols>
      <dt>d</dt>
      <data>
        -2.9861711474357477e+000 -4.3398508293741127e+000
        1.5893219881818293e+001</data></The_TvecsValue_of_0The_Photo></_>
  <_><The_TvecsValue_of_1The_Photo type_id="opencv-matrix">
      <rows>3</rows>
      <cols>1</cols>
      <dt>d</dt>
      <data>
        -2.3136711532453682e+000 3.3041020600286255e+000
        1.4103473215678090e+001</data></The_TvecsValue_of_1The_Photo></_>
  <_><The_TvecsValue_of_2The_Photo type_id="opencv-matrix">
      <rows>3</rows>
      <cols>1</cols>
      <dt>d</dt>
      <data>
        -1.5753375024578133e+000 -4.0028001533664028e+000
        1.2656177957709541e+001</data></The_TvecsValue_of_2The_Photo></_>
  <_><The_TvecsValue_of_3The_Photo type_id="opencv-matrix">
      <rows>3</rows>
      <cols>1</cols>
      <dt>d</dt>
      <data>
        -3.9186058187676194e+000 -2.6784604147601798e+000
        1.3158551282766705e+001</data></The_TvecsValue_of_3The_Photo></_>
  <_><The_TvecsValue_of_4The_Photo type_id="opencv-matrix">
      <rows>3</rows>
      <cols>1</cols>
      <dt>d</dt>
      <data>
        2.3589985496862798e+000 -4.5995439924067520e+000
        1.2616942061558298e+001</data></The_TvecsValue_of_4The_Photo></_>
  <_><The_TvecsValue_of_5The_Photo type_id="opencv-matrix">
      <rows>3</rows>
      <cols>1</cols>
      <dt>d</dt>
      <data>
        6.7104670170167529e+000 -2.6072931498929770e+000
        1.3351906503909245e+001</data></The_TvecsValue_of_5The_Photo></_>
  <_><The_TvecsValue_of_6The_Photo type_id="opencv-matrix">
      <rows>3</rows>
      <cols>1</cols>
      <dt>d</dt>
      <data>
        8.0484718250086751e-001 -2.8545279410706161e+000
        1.5481931043192818e+001</data></The_TvecsValue_of_6The_Photo></_>
  <_><The_TvecsValue_of_7The_Photo type_id="opencv-matrix">
      <rows>3</rows>
      <cols>1</cols>
      <dt>d</dt>
      <data>
        3.1798537865762992e+000 -3.5039798728107594e+000
        1.2586574552998366e+001</data></The_TvecsValue_of_7The_Photo></_>
  <_><The_TvecsValue_of_8The_Photo type_id="opencv-matrix">
      <rows>3</rows>
      <cols>1</cols>
      <dt>d</dt>
      <data>
        -2.6356426511003743e+000 -3.2273763792788728e+000
        1.1053667941817933e+001</data></The_TvecsValue_of_8The_Photo></_>
  <_><The_TvecsValue_of_9The_Photo type_id="opencv-matrix">
      <rows>3</rows>
      <cols>1</cols>
      <dt>d</dt>
      <data>
        1.8968822130716736e+000 -4.4241929572826528e+000
        1.3444481547560207e+001</data></The_TvecsValue_of_9The_Photo></_></tvecs>
<Error_of_Per_Image>
  <_><The_ErrorValue_of_0The_Photo>2.5013047639112433e-002</The_ErrorValue_of_0The_Photo></_>
  <_><The_ErrorValue_of_1The_Photo>2.2343273424632843e-002</The_ErrorValue_of_1The_Photo></_>
  <_><The_ErrorValue_of_2The_Photo>2.2466140463830973e-002</The_ErrorValue_of_2The_Photo></_>
  <_><The_ErrorValue_of_3The_Photo>2.6010374444836181e-002</The_ErrorValue_of_3The_Photo></_>
  <_><The_ErrorValue_of_4The_Photo>2.3721046123390838e-002</The_ErrorValue_of_4The_Photo></_>
  <_><The_ErrorValue_of_5The_Photo>2.2362737188214816e-002</The_ErrorValue_of_5The_Photo></_>
  <_><The_ErrorValue_of_6The_Photo>2.5201994998294050e-002</The_ErrorValue_of_6The_Photo></_>
  <_><The_ErrorValue_of_7The_Photo>3.4661656612763832e-002</The_ErrorValue_of_7The_Photo></_>
  <_><The_ErrorValue_of_8The_Photo>2.4754218169921096e-003</The_ErrorValue_of_8The_Photo></_>
  <_><The_ErrorValue_of_9The_Photo>2.1644543758759831e-002</The_ErrorValue_of_9The_Photo></_></Error_of_Per_Image>
</opencv_storage>
